92
71
54
38
67
51
58
82
36
43
39
72
35
45
13
52
14
74
49
58
104
40
66
48
10
15
58
50
21
91
67
95
96
19
58
14
74
60
57
44
43
68
44
25
41
95
37
8
27
13
64
70
-2
83
69
23
11
80
61
83
34
96
48
74
87
97
77
-4
36
60
87
68
83
20
16
60
78
57
96
51
1
104
52
16
41
11
83
60
81
41
20
66
-12
8
65
85
36
48
8
18
55
30
10
29
75
51
87
61
27
26
95
83
86
15
26
91
90
97
14
65
44
16
9
3
13
51
7
22
10
82
21
34
-4
69
85
69
81
56
46
73
52
28
73
85
59
51
81
52
33
44
47
67
48
49
71
52
71
92
35
78
36
34
18
36
45
91
69
78
17
37
70
73
42
59
41
25
68
73
40
22
82
56
34
68
41
54
4
119
42
25
118
114
42
7
60
84
90
102
76
51
13
7
15
25
19
96
39
79
43
42
29
4
72
80
89
87
87
68
21
34
86
48
53
38
60
46
29
92
75
91
42
23
86
62
76
76
22
15
124
114
15
77
48
97
73
63
14
-1
19
11
18
9
67
48
17
22
-17
25
96
97
-3
87
28
99
60
86
113
35
70
82
62
42
76
92
50
81
41
96
83
43
52
105
85
46
82
-4
83
83
28
44
24
69
108
94
30
80
61
106
88
16
2
105
80
68
85
2
97
78
98
79
81
49
88
87
76
70
70
59
5
46
21
58
32
13
24
101
71
88
16
74
115
40
41
81
78
89
40
53
54
54
18
84
46
89
76
24
1
12
83
37
6
78
91
65
14
98
53
78
22
94
63
4
85
64
12
21
92
78
13
72
71
70
6
104
89
54
25
61
113
93
60
26
62
74
17
66
43
-19
44
99
65
63
37
7
12
78
77
6
25
31
69
26
88
97
88
12
106
-2
55
1
48
102
113
61
89
99
64
13
4
6
78
31
78
29
79
81
22
90
21
40
12
79
51
58
44
76
80
52
33
81
25
76
13
15
108
7
23
64
76
0
16
29
-5
42
12
56
104
56
8
5
18
63
75
76
62
59
89
31
19
60
-2
60
67
33
94
46
99
47
15
13
46
105
106
1
10
71
37
66
86
67
94
36
37
62
35
77
95
55
69
86
67
39
38
90
91
58
82
87
77
73
86
1
65
51
20
7
30
71
54
74
62
38
44
84
89
27
61
40
96
11
31
27
111
51
5
15
70
50
9
76
16
15
89
68
24
8
12
18
25
57
16
17
121
69
35
88
60
80
60
32
47
57
25
30
19
46
23
26
13
29
37
31
9
63
93
43
79
28
54
24
22
92
54
39
14
32
65
41
51
75
78
97
96
64
54
21
6
84
85
68
34
15
63
9
29
48
16
32
31
46
81
85
56
59
53
74
14
40
77
73
70
59
28
10
88
89
31
66
79
30
119
70
68
25
96
37
34
61
24
4
26
46
36
19
125
52
1
89
105
12
51
21
73
21
48
32
25
84
49
46
18
73
43
52
15
11
11
22
2
73
28
64
79
-5
72
19
42
95
21
123
49
111
110
86
99
119
99
71
12
12
96
90
21
62
77
64
86
12
12
64
78
63
39
67
48
4
24
-7
81
45
37
61
41
0
49
68
67
60
58
35
72
89
88
54
13
26
13
36
79
42
5
11
11
54
8
8
11
5
49
74
33
104
92
60
84
54
90
49
7
106
2
21
83
40
101
91
68
73
71
85
6
76
68
47
69
46
72
82
71
70
72
67
63
51
93
31
97
59
105
76
50
35
42
32
46
39
58
76
91
76
87
65
43
34
62
98
18
73
80
21
34
4
113
4
9
58
21
14
55
81
26
21
7
24
65
21
37
53
121
43
0
72
26
107
108
96
76
37
118
117
55
8
20
68
56
17
96
53
27
35
4
20
86
116
50
15
29
42
20
88
87
39
87
108
43
84
13
81
13
10
103
54
35
96
92
87
85
59
51
85
106
74
46
29
67
74
38
71
21
65
74
82
7
113
85
73
5
107
84
70
19
12
25
80
12
73
59
69
75
76
54
14
15
66
71
76
25
19
72
89
80
91
78
81
9
80
64
13
71
60
26
70
108
86
69
98
112
79
89
71
77
32
32
65
101
69
60
124
47
73
15
66
147
76
90
61
81
6
15
20
52
28
94
37
17
90
58
75
89
45
79
-2
81
50
20
7
9
15
120
5
127
120
115
77
49
106
37
70
77
39
109
84
57
60
38
49
31
17
68
35
2
24
92
12
17
89
41
104
90
93
69
31
63
97
85
80
19
31
87
15
37
66
53
18
66
51
52
22
57
77
68
24
58
115
71
92
69
18
102
101
80
1
48
77
25
62
71
2
36
37
29
97
64
15
60
76
54
114
89
82
60
86
15
7
83
81
65
88
33
88
48
93
1
9
32
110
38
99
64
75
17
-3
27
88
62
31
11
133
5
47
87
26
85
7
18
45
14
42
36
32
64
8
17
47
54
33
57
74
54
16
99
59
46
101
88
17
67
84
103
86
11
86
29
87
84
69
15
92
77
103
87
17
87
76
102
65
60
99
71
66
108
60
107
90
15
3
35
26
58
63
82
10
37
104
14
-10
78
70
34
85
73
-2
-1
57
101
74
23
17
80
74
70
67
25
74
27
99
66
87
67
7
27
106
76
10
82
37
26
112
74
75
42
68
35
15
40
-11
24
-7
38
58
-6
25
72
59
94
93
53
75
80
111
61
0
-11
66
111
90
57
107
79
12
73
43
22
20
29
55
74
80
60
34
16
32
69
30
15
40
85
66
3
52
104
28
41
79
45
65
72
47
55
32
37
14
44
19
13
20
14
8
21
6
11
7
23
14
88
38
53
25
23
70
67
86
86
75
107
18
65
35
29
83
19
92
84
76
13
91
79
106
12
40
93
43
20
18
20
62
89
78
43
91
71
52
22
61
70
62
72
62
34
48
114
114
62
24
69
15
48
75
31
68
31
16
27
19
16
34
23
6
9
19
13
9
33
24
52
9
103
65
23
30
52
37
87
27
86
17
57
86
76
82
101
74
64
108
94
76
16
45
42
62
38
78
101
113
69
18
122
68
17
58
43
18
39
50
74
42
2
55
19
9
23
21
44
102
75
28
83
61
101
64
70
7
89
70
92
93
64
102
79
87
102
9
57
43
20
24
2
82
82
84
11
85
15
38
43
17
93
19
10
30
23
70
41
59
63
19
95
27
1
34
16
41
18
30
56
19
33
21
50
14
82
48
66
37
57
77
38
24
83
84
101
76
67
63
82
24
14
43
27
59
93
23
89
56
63
82
38
54
18
23
27
60
45
85
107
106
78
72
52
79
86
30
13
71
59
89
83
62
49
85
83
65
92
79
61
59
59
25
107
11
57
43
31
42
112
83
38
34
43
34
62
86
16
105
61
86
104
13
57
65
66
71
79
75
54
36
18
88
33
81
54
85
91
52
89
89
19
16
38
94
21
82
95
31
80
104
89
71
5
70
48
108
61
70
116
37
27
52
32
80
23
7
54
7
29
24
29
34
46
17
15
17
29
78
24
38
81
74
85
31
71
29
71
47
72
19
66
10
4
55
11
88
78
85
86
14
32
109
29
73
55
41
90
93
79
84
39
-3
31
75
9
29
89
67
84
64
35
90
55
44
9
75
13
46
76
86
82
2
65
64
60
65
53
60
15
80
44
17
81
12
57
43
86
107
85
88
96
39
18
31
92
60
23
64
51
40
85
-1
40
37
32
52
32
91
32
42
19
52
83
18
95
7
76
31
59
72
10
65
88
100
48
10
58
0
57
10
11
52
59
0
87
46
87
16
21
8
7
48
57
34
88
81
60
78
86
45
68
72
92
80
74
41
12
22
87
81
58
46
79
29
10
46
39
50
120
83
21
80
26
28
51
48
17
46
23
41
86
62
26
56
17
78
43
23
39
75
71
98
81
20
11
51
20
50
107
74
90
83
72
95
25
15
27
36
63
42
88
61
52
97
54
105
66
79
78
75
53
72
74
23
87
64
26
21
14
71
36
41
28
73
15
1
74
30
45
90
61
68
22
54
33
31
52
33
17
66
77
8
5
29
82
13
66
65
116
77
84
19
82
117
108
43
32
84
99
71
76
60
82
18
61
84
31
37
94
84
99
69
27
49
64
73
93
97
101
119
29
27
49
48
64
88
52
49
-1
43
76
75
45
25
78
59
61
69
34
13
67
67
87
59
90
65
46
41
25
15
-11
27
14
54
31
74
16
58
106
106
107
30
98
25
72
37
8
81
62
68
61
103
8
78
52
53
45
46
16
37
20
101
64
19
11
81
11
50
29
57
77
69
27
14
5
36
54
55
2
24
121
39
33
120
57
81
12
93
54
10
35
92
81
16
34
29
10
42
76
69
98
62
101
70
67
25
88
28
36
36
14
23
23
54
55
55
96
50
74
16
66
4
35
81
88
16
39
63
25
29
31
76
28
78
25
64
68
56
64
54
100
35
8
18
93
30
22
120
53
64
29
49
71
82
67
81
80
82
100
76
84
45
44
3
55
34
41
91
44
36
-2
100
60
33
73
9
96
81
90
86
87
76
31
15
-8
88
31
47
55
26
33
56
60
77
106
76
21
51
71
67
56
82
10
48
111
80
30
4
97
21
30
72
89
62
43
53
15
3
15
72
71
79
24
87
19
23
80
13
58
26
77
69
48
28
55
12
11
117
26
89
75
87
16
77
8
8
90
9
28
4
88
8
38
76
51
43
35
79
86
95
74
24
36
34
72
74
45
40
16
25
3
68
77
24
27
43
76
82
20
60
43
24
27
2
27
65
94
28
52
86
82
85
87
88
54
121
99
60
65
59
12
10
52
83
13
18
20
66
73
82
3
27
1
35
4
86
70
85
79
84
119
11
64
95
17
66
71
92
86
95
74
79
63
37
35
18
26
14
21
25
13
69
67
59
64
-5
27
94
16
23
95
87
80
37
29
80
68
26
84
85
88
28
80
14
68
22
16
61
94
81
56
64
75
92
44
93
25
18
74
30
-9
94
8
35
8
12
15
12
74
6
97
85
43
79
23
17
49
41
17
35
40
38
22
69
56
18
62
75
38
105
65
17
32
84
67
66
63
56
107
14
108
40
85
31
11
-1
106
105
40
38
11
14
-1
11
52
11
-1
49
93
80
48
45
16
19
30
20
21
95
100
3
90
62
63
60
41
17
39
85
14
56
87
80
18
115
113
87
29
14
79
15
44
62
11
62
78
41
56
60
44
67
63
64
64
63
61
90
22
20
76
55
75
68
86
71
-1
1
67
17
85
72
75
41
23
63
25
92
-10
8
70
13
92
34
73
10
73
9
64
33
11
63
13
129
5
18
117
122
128
37
99
115
98
104
84
75
95
56
111
75
83
98
73
65
58
59
7
57
45
80
86
63
86
54
76
75
65
55
77
11
21
27
43
21
20
70
38
21
33
76
91
81
16
99
93
17
75
65
21
35
95
23
55
92
96
58
96
14
33
11
20
65
71
68
66
20
51
-12
105
104
59
42
97
79
40
23
41
39
28
103
33
111
31
120
10
62
30
14
84
92
76
86
68
99
80
67
7
36
45
80
76
26
102
105
99
86
88
64
16
59
57
32
13
100
67
20
85
103
90
32
22
75
48
40
41
3
32
73
33
31
23
26
116
5
14
105
70
38
11
24
59
78
35
79
37
26
20
51
10
65
71
73
21
18
82
84
43
91
32
78
22
104
86
57
78
52
7
6
90
44
75
57
34
50
92
89
86
92
22
30
16
78
75
32
112
24
123
107
35
40
6
2
111
13
111
105
35
46
79
42
59
9
102
102
4
95
118
21
2
9
96
81
87
13
78
65
62
67
70
66
31
70
84
71
38
88
38
-25
3
-2
18
101
18
-3
36
42
32
24
47
58
53
64
43
105
95
84
62
67
79
76
109
110
23
68
27
86
33
58
40
80
86
82
70
64
62
72
62
50
43
30
11
12
101
26
92
93
26
101
104
72
98
14
52
7
17
14
14
41
84
14
14
92
18
53
15
65
81
82
43
76
6
87
87
94
96
89
30
80
64
72
78
63
65
39
95
35
70
21
88
65
44
28
27
70
72
20
70
76
58
21
62
75
40
81
70
12
72
107
21
75
2
27
49
18
56
3
42
1
5
37
40
28
11
82
105
16
8
69
71
57
97
80
51
14
43
37
102
62
14
82
69
103
46
39
99
98
64
33
45
91
98
59
39
80
81
77
17
64
27
21
88
88
19
87
-2
9
19
44
52
64
26
7
127
36
9
41
14
78
79
33
57
37
8
24
96
87
81
71
73
79
40
16
35
38
2
19
9
76
89
-4
71
79
47
92
2
21
91
74
50
63
13
8
12
58
90
52
68
48
50
32
38
20
24
59
17
11
17
67
103
81
93
62
34
33
16
79
18
68
63
96
14
38
4
102
82
83
45
36
53
48
36
114
117
12
57
96
-5
81
63
76
26
99
100
53
88
59
4
101
115
114
70
14
28
100
58
74
44
65
13
78
67
77
71
109
108
76
107
23
72
13
80
81
99
82
76
103
102
23
82
95
99
77
122
0
83
116
119
78
70
105
61
33
95
73
95
29
97
12
65
48
70
105
60
-1
101
88
72
61
39
26
65
9
88
47
69
105
74
58
69
16
4
33
34
51
23
46
21
58
61
90
14
95
6
96
41
12
4
14
11
0
58
49
75
61
62
37
0
16
63
18
22
33
58
103
42
12
22
91
68
20
27
56
32
52
31
97
65
84
90
111
133
77
61
86
67
90
82
45
86
53
97
67
58
13
16
14
