5.032598920311647
5.0280392682147275
5.301726051466444
6.545067586964388
5.991322957478252
6.000429133190876
8.0200001480886
7.114988976091659
7.230269698604644
7.112332372162575
6.500253818613254
6.454735074113496
5.499582767847061
4.600568701627497
4.627141594106757
6.596126661609686
5.348774730771734
5.762926642691847
7.305473441282664
7.198176279167535
7.203452750137757
7.093798246015066
7.850641058922345
6.910686906414855
5.123142955836262
4.524729030215233
4.468788065301195
6.127859229433404
5.838916584752004
6.878834517504934
7.645803922656716
7.212227786726754
9.058707011709847
7.185631097691675
6.822104951956084
6.827479646902897
4.754868257983671
4.340372117984719
4.223945747904119
6.811605255459729
4.509303261417791
4.554871842466231
8.722401333327653
8.78870470828051
10.799353948235899
5.158214403700319
5.136287344025687
10.292774368972559
