154
94
181
137
86
47
74
252
130
86
27
126
160
142
136
135
187
109
97
70
104
165
6
139
222
155
13
80
9
141
133
178
146
81
79
58
65
224
156
53
149
14
33
165
86
112
119
191
82
123
29
183
198
156
48
168
135
71
40
203
206
54
209
31
116
139
152
58
198
83
169
91
209
39
181
176
109
171
216
40
184
57
101
207
93
124
35
147
108
164
199
212
39
67
183
140
203
202
41
129
133
147
91
199
45
75
184
107
141
146
80
199
4
102
195
34
3
111
51
116
82
47
27
80
5
182
65
57
76
106
119
175
0
196
185
41
217
135
124
72
159
102
179
32
128
107
141
73
137
159
187
139
225
186
129
69
40
98
149
244
113
50
72
124
45
39
65
122
95
137
84
107
206
140
49
171
182
29
50
126
214
152
174
101
62
53
59
153
135
19
114
82
144
131
120
43
98
144
100
98
262
267
51
102
181
62
148
24
160
45
57
186
148
135
-8
69
40
43
60
164
72
208
212
28
80
200
205
85
83
111
121
108
60
114
95
77
63
56
77
165
38
171
149
204
113
61
49
224
190
27
54
21
202
124
164
151
203
88
86
118
2
65
41
79
98
171
169
30
121
153
113
193
80
67
56
141
195
135
28
26
149
96
203
109
154
121
14
30
145
175
120
185
24
90
87
51
71
126
76
77
148
92
163
92
81
140
206
171
174
221
164
183
90
81
47
72
120
178
38
63
126
183
57
106
33
44
212
205
216
195
104
156
80
229
62
138
185
128
48
250
153
170
196
113
109
126
106
127
138
99
17
185
172
106
110
254
217
82
44
76
134
84
206
74
149
222
232
73
71
58
186
149
27
9
159
229
202
248
26
174
60
184
170
30
75
150
176
147
134
27
25
218
11
41
106
56
196
115
184
34
111
138
44
103
186
31
140
233
166
173
153
166
86
120
21
165
168
50
84
135
33
161
200
203
191
121
76
35
74
142
115
180
133
28
142
191
42
174
93
208
93
115
-14
230
233
199
99
177
98
136
144
25
50
80
73
80
186
148
41
145
48
170
187
225
175
26
119
49
155
172
68
34
82
86
93
65
99
201
139
129
141
218
203
153
177
185
153
65
114
40
142
77
89
19
218
154
108
33
84
178
211
112
211
203
143
200
43
147
43
174
105
165
120
151
155
111
168
17
191
145
168
188
174
125
150
48
121
63
164
25
176
38
193
56
178
79
194
55
184
109
20
56
168
102
140
44
36
40
125
146
148
147
180
173
195
58
180
128
167
139
63
160
52
196
25
189
144
204
181
156
33
104
187
47
163
40
215
146
191
10
29
230
185
105
185
142
232
154
238
57
199
129
134
162
257
199
182
191
165
135
67
145
195
181
150
125
151
37
108
45
195
32
137
26
32
155
134
174
257
260
150
126
113
113
188
160
162
103
154
124
84
81
40
152
7
144
203
162
178
98
175
166
223
194
198
196
183
112
157
41
204
151
23
176
115
187
155
136
166
162
43
12
136
75
181
111
51
40
49
171
97
90
183
148
182
85
175
139
105
45
119
130
49
185
71
157
196
131
159
195
169
49
217
66
194
25
187
148
190
111
165
201
47
169
110
198
199
86
89
238
175
174
236
150
113
195
143
120
144
149
73
127
169
175
155
87
133
129
158
81
186
49
169
147
115
145
155
158
169
119
160
165
140
146
176
57
108
167
170
191
199
171
177
132
169
180
138
145
200
125
96
153
227
82
147
54
152
224
158
71
46
159
49
146
145
67
158
107
96
108
223
224
207
178
187
179
200
110
51
122
134
93
188
130
190
192
176
125
167
116
143
89
86
39
189
119
226
44
120
214
54
153
76
154
186
158
139
32
109
160
93
200
80
28
194
62
207
63
192
149
208
198
127
155
191
146
138
46
74
107
139
129
80
103
191
47
51
112
79
149
112
198
57
153
50
56
98
76
139
154
148
161
89
120
151
133
77
173
140
78
73
188
233
162
120
47
158
195
198
113
138
200
146
174
124
31
137
134
99
36
133
134
190
236
175
205
205
146
149
190
54
29
191
137
201
159
135
66
47
163
30
151
55
76
180
142
118
34
122
34
168
181
176
104
39
163
132
96
183
174
181
191
208
58
198
140
92
153
173
164
152
149
79
192
112
187
128
119
183
61
67
177
129
189
201
147
142
176
34
174
123
146
235
230
212
186
83
137
66
156
178
208
150
167
154
82
186
27
144
54
17
68
195
213
178
109
175
143
163
100
159
152
171
154
138
119
127
124
137
157
47
104
175
163
197
194
199
50
199
183
50
174
146
176
85
131
126
171
167
128
155
168
90
195
134
160
50
147
156
102
57
55
134
63
92
62
172
146
38
164
55
57
182
182
47
107
59
128
225
47
62
165
171
142
119
80
49
232
142
47
175
176
216
180
60
69
161
165
155
55
49
61
88
178
183
149
165
144
149
64
61
50
32
64
93
10
123
48
12
25
37
86
14
15
46
59
38
40
137
31
93
73
45
57
56
59
47
49
22
102
83
222
79
118
96
45
194
212
173
105
87
164
123
120
92
38
107
174
264
267
154
139
128
54
168
195
166
143
173
160
69
74
53
148
180
89
163
122
52
56
126
190
193
196
123
205
168
101
160
165
72
125
148
103
150
166
66
187
165
46
41
139
213
197
114
154
143
218
5
75
42
166
63
128
148
47
68
174
9
165
46
151
50
215
201
128
152
152
159
141
162
148
75
164
68
198
201
175
163
64
200
140
0
166
62
161
150
174
116
102
48
99
96
123
56
157
119
106
139
148
126
159
197
175
158
228
68
151
142
201
234
136
82
139
191
61
118
163
199
81
165
144
112
168
185
135
149
71
199
167
144
155
65
115
208
151
158
176
24
159
158
186
146
137
112
232
148
192
150
143
129
164
207
53
43
199
38
169
69
131
185
111
191
46
142
97
213
210
228
205
208
155
46
158
100
56
42
128
159
60
104
113
20
187
215
217
65
211
106
46
168
74
41
79
18
105
170
114
148
163
121
55
71
27
126
162
82
44
179
110
56
89
158
43
126
130
62
141
223
184
40
39
39
148
142
125
173
59
177
269
181
195
223
210
161
131
129
169
122
141
184
123
217
95
120
55
56
215
233
23
187
172
116
194
189
182
147
153
188
146
178
142
193
164
206
94
203
180
171
182
185
194
199
172
155
149
132
223
71
144
213
151
205
104
140
48
165
58
71
42
147
92
103
175
151
152
173
56
38
176
157
140
159
200
91
162
163
132
150
215
194
218
230
254
225
170
132
146
155
166
78
160
178
191
60
102
190
230
230
225
205
105
45
91
163
175
196
152
106
189
152
151
273
276
170
200
137
72
139
62
177
224
145
131
110
95
163
40
238
132
180
112
124
130
45
142
59
206
144
168
132
165
141
70
180
152
182
175
133
139
79
42
175
118
145
147
163
208
154
186
130
216
132
212
191
186
156
196
202
212
186
147
92
140
170
114
212
151
146
173
88
130
153
143
102
61
181
108
81
196
118
125
185
182
142
87
185
190
161
173
179
68
185
138
203
120
149
217
102
187
161
169
97
171
125
176
84
214
178
168
130
200
160
100
133
187
167
132
132
45
145
111
113
171
169
163
188
198
160
151
46
164
154
144
195
38
114
189
193
160
160
235
74
88
168
47
93
46
159
222
43
42
228
25
44
37
100
119
120
111
156
106
170
54
136
64
177
87
9
67
123
42
123
135
103
166
134
189
168
192
46
130
143
117
75
48
225
171
161
160
38
38
40
174
187
38
42
200
206
174
129
216
191
89
30
19
145
127
78
222
51
240
204
120
42
178
113
40
201
20
71
167
49
156
101
30
149
152
113
90
89
150
234
179
203
208
211
190
164
146
160
134
95
83
152
224
153
56
207
71
157
150
167
172
195
198
47
248
251
226
150
148
154
49
142
44
157
144
112
153
51
167
130
155
130
66
137
116
84
156
47
51
134
37
34
149
83
128
122
162
67
156
81
162
195
121
128
200
81
142
160
223
165
188
173
53
6
115
154
127
134
38
167
25
138
183
131
208
211
60
95
43
139
128
131
181
108
60
40
173
176
53
73
151
168
58
63
163
40
55
65
236
61
44
80
111
59
49
28
213
168
128
45
224
172
109
164
54
68
79
42
41
32
37
62
36
170
157
170
58
43
85
18
109
129
28
50
112
153
14
160
48
60
50
130
172
137
61
173
113
64
149
195
168
118
147
113
139
53
165
111
78
148
170
145
183
163
147
173
105
126
135
139
158
152
122
133
205
210
50
181
39
186
79
164
102
47
218
130
214
147
181
163
122
35
126
173
86
147
53
126
36
150
163
57
49
37
37
155
38
188
53
114
165
162
107
141
95
142
134
177
169
166
185
181
54
54
116
182
222
208
159
193
200
223
181
57
100
175
154
141
132
131
48
160
142
143
229
158
106
56
94
180
197
136
151
143
206
108
143
108
131
200
181
168
122
196
176
118
199
110
175
155
32
158
193
129
160
90
194
188
157
138
45
111
170
104
28
130
186
159
181
190
53
146
181
149
121
157
188
59
48
66
156
126
113
72
167
169
155
63
160
135
192
180
139
70
185
188
183
100
180
90
1
48
190
197
202
200
248
134
13
149
67
66
109
140
101
185
179
142
117
110
156
58
145
178
195
149
50
155
77
61
40
151
164
41
137
128
33
39
133
38
37
45
151
102
142
64
125
120
47
173
51
107
49
51
163
124
145
41
122
143
89
168
173
81
136
77
69
202
205
25
79
168
162
76
157
176
138
147
124
152
160
137
163
53
43
45
128
121
87
120
44
14
140
185
125
176
34
204
38
117
129
178
127
126
175
44
34
40
178
170
124
195
187
73
223
141
185
49
103
69
85
165
130
118
56
146
159
156
176
167
66
202
58
61
161
66
161
47
42
72
58
39
100
144
171
130
154
151
191
189
80
175
170
186
182
179
183
97
117
225
130
194
162
61
165
181
62
152
197
115
124
159
214
219
200
133
162
81
120
98
155
57
203
180
73
95
147
84
226
227
177
180
173
107
125
83
112
185
149
52
166
169
172
146
176
105
63
168
175
183
146
155
152
187
192
120
127
162
138
106
131
117
161
239
130
147
171
152
121
181
130
41
48
39
79
183
116
158
125
91
121
180
167
94
154
140
181
115
166
178
128
137
187
149
183
146
152
142
62
90
110
137
129
142
42
121
173
54
35
77
139
114
131
183
203
216
144
130
230
117
233
142
124
154
121
225
63
117
103
91
203
176
87
176
131
124
220
165
200
156
237
153
209
193
192
64
153
183
128
168
28
206
209
187
139
161
151
134
192
149
144
117
67
142
145
47
178
181
45
159
139
143
40
178
147
78
169
68
46
137
106
66
157
176
122
40
155
59
63
117
146
165
140
175
61
57
157
167
53
70
129
143
184
155
181
165
56
76
171
60
130
154
37
214
228
71
212
48
95
166
150
150
249
52
45
172
173
145
135
70
42
175
78
57
113
108
92
60
80
45
72
157
100
83
47
185
198
147
144
165
129
98
64
56
154
43
142
168
105
190
53
68
200
203
201
169
119
47
50
148
147
98
123
129
175
27
164
61
152
170
176
119
113
60
171
156
178
89
58
118
48
155
237
169
144
193
213
49
53
47
61
133
153
153
153
123
185
165
149
181
198
188
99
110
178
145
111
160
189
155
161
141
91
122
56
88
61
134
154
146
138
154
161
158
177
193
166
83
75
98
206
94
181
189
94
62
156
159
183
171
159
180
196
96
79
42
55
118
177
43
61
174
193
38
180
131
87
37
95
216
147
37
69
181
108
186
130
170
155
62
155
154
97
187
143
183
186
82
177
137
146
21
160
105
127
127
127
54
173
49
195
142
34
66
81
100
160
145
147
52
162
134
113
197
27
118
159
143
211
119
38
57
81
27
16
139
95
189
102
132
180
72
57
227
131
141
180
153
55
197
185
161
72
42
154
144
130
106
170
173
136
171
150
65
134
129
184
193
235
240
167
74
164
178
210
188
113
148
150
176
249
90
137
122
140
30
159
38
141
42
60
38
160
141
41
37
216
127
90
16
34
72
182
162
153
176
98
171
166
175
139
26
175
41
38
29
52
138
60
38
59
50
98
55
43
51
20
18
165
154
128
55
114
110
50
93
133
125
111
168
153
169
163
109
143
146
178
121
93
59
90
140
130
117
43
239
42
70
171
185
168
211
96
187
127
165
168
145
145
170
253
136
74
181
72
215
91
51
165
161
116
168
167
223
92
141
196
53
185
59
243
112
147
229
227
165
111
155
226
227
42
143
86
162
218
182
135
128
135
163
162
146
161
116
46
128
155
141
131
65
63
76
110
212
132
190
195
178
205
146
140
95
154
138
153
129
149
168
155
106
191
142
168
192
182
132
185
130
121
94
187
165
167
192
188
192
140
183
217
173
173
121
115
95
159
144
183
131
145
160
12
145
179
202
214
128
50
168
118
69
171
45
167
104
109
83
163
178
144
178
127
184
187
126
137
152
210
49
55
35
95
158
127
41
141
29
151
205
30
45
116
43
97
207
217
40
28
145
131
77
31
125
136
140
146
236
188
178
55
174
166
186
200
200
195
179
62
155
189
194
91
131
132
198
203
58
66
185
49
128
215
176
174
162
73
131
58
201
206
111
206
113
52
161
74
108
189
192
193
141
135
66
189
160
166
83
136
133
147
95
122
195
202
156
134
171
158
204
195
142
193
202
140
173
177
197
203
141
170
125
108
150
198
74
99
206
120
75
168
133
101
141
149
150
141
197
43
